-0.021104 0.144887 -0.206137 0.313746 0.130421 -0.279046 -0.180837 0.439940 -0.243126 -0.007462 0.053514 0.083972 0.301263 0.377316 -0.496094 -0.056174 0.011843 -0.396332 0.065630 -0.407617 -0.104968 -0.023698 0.351100 0.114631 0.429502 0.361488 0.357265 0.230888 -0.181051 -0.449675 0.001724 -0.186056 
0.069109 0.155416 0.059496 0.203452 -0.332698 -0.304590 -0.468902 0.226218 0.147206 0.027116 -0.025987 0.327815 0.319208 -0.221793 -0.172292 -0.278619 0.448454 -0.061083 0.264489 -0.039232 0.161153 0.267937 -0.403134 -0.156667 0.360683 -0.331233 -0.227226 0.049181 -0.065203 0.193625 -0.010025 0.423185 
-0.464965 -0.170278 -0.039323 0.305567 0.209586 -0.274071 -0.141835 -0.182394 0.171102 0.014359 0.476012 -0.491058 0.480316 -0.115650 -0.368618 0.271992 -0.072815 0.064436 0.344172 -0.069289 -0.110187 0.369137 -0.177877 0.409043 0.454924 0.465678 -0.215445 -0.114521 -0.423246 -0.481689 0.154561 -0.158681 
-0.439453 -0.822102 -0.348018 0.901698 -0.351833 0.216006 0.087834 -0.089404 -0.010971 -0.664779 -1.565657 0.046587 -0.222983 0.276366 -0.223877 0.266190 0.634170 0.069438 -0.394123 1.043443 0.425077 0.497955 -0.413312 0.526185 -0.424314 0.757713 -0.335719 0.174581 -0.309595 0.001470 -0.494568 0.288385 
-0.264248 -0.255089 -0.055773 0.367298 -0.219871 -0.454192 -0.414884 -0.267052 0.167623 -0.296716 -0.345088 0.132081 -0.683471 -0.415494 -0.437742 0.041166 1.587321 -0.175815 -0.267113 -0.085241 -0.302550 -1.128465 -0.248833 0.431193 -0.640104 -0.053347 -0.843496 0.283655 -1.211236 1.280526 0.208974 -0.484497 
0.056961 -0.273492 0.304437 -0.093799 0.308893 0.333796 0.489441 0.043748 -0.320246 0.286370 0.187826 0.024338 0.278222 -0.432310 0.021989 -0.237616 -0.484536 -0.019374 -0.023972 -0.373186 -0.177572 0.116627 0.115589 0.405539 0.382321 0.293179 0.395718 0.006668 -0.353908 0.120808 -0.412443 -0.194754 
0.937226 -0.146626 -0.144154 -2.128006 -0.155995 0.174825 0.017624 -0.070862 -0.095355 -0.415250 0.014115 0.459105 -0.001205 -0.581886 -0.373348 2.284452 0.310677 1.774273 -0.031846 1.650768 -0.096179 0.448790 -0.219230 0.518771 -0.173574 0.123488 0.072131 -0.424436 -0.089465 -1.579353 0.711774 -0.028733 
0.153978 -0.051073 0.378109 -0.381191 -0.098621 -0.228629 0.312555 -0.177023 -0.372372 0.492340 -0.297662 0.239616 -0.112781 0.382534 0.433195 -0.381881 -0.288651 0.010378 0.316919 0.469342 0.230247 0.493133 -0.032304 -0.439256 -0.186300 0.214666 0.265923 -0.350978 0.491394 -0.325861 0.441403 0.358577 
-0.046282 -0.382076 0.306909 -0.397092 -0.096850 0.107074 -0.326777 0.465758 0.040391 -0.315882 0.477416 -0.058702 0.467193 0.290826 -0.345332 0.442895 -0.214207 0.093490 0.286279 0.485324 -0.323084 -0.126148 0.053514 0.446947 0.238914 0.139374 -0.470000 -0.181875 -0.134602 -0.388699 0.342890 -0.156667 
0.957827 -0.441994 -0.265679 -1.417173 0.177633 0.272923 -0.675282 -0.258582 -0.259178 0.111612 0.419432 -0.088233 -0.622953 -0.896807 -0.910208 2.118382 2.191207 1.799698 -0.203665 1.187707 -0.294249 -0.785468 -0.197398 -0.172674 -0.229813 -0.754907 -1.109740 -0.393703 -0.923050 -0.482773 0.363711 -0.166921 
0.162371 0.001572 0.408689 -0.303949 -0.040483 0.336665 -0.430448 -0.322321 -0.266930 -0.473235 0.468657 -0.433744 0.327540 -0.089801 -0.023637 -0.405590 0.012122 0.278273 0.423612 0.153350 -0.036607 -0.452025 0.211997 0.085431 0.013504 -0.347588 -0.237571 -0.036271 0.431516 0.310785 -0.167471 0.266533 
0.032699 -0.168142 -0.265557 -0.399157 0.389615 -0.395901 0.484588 -0.391324 0.427549 -0.449033 -0.851890 -0.203360 0.186575 0.693340 0.284082 0.296793 0.621324 0.277300 -0.280778 1.117633 0.084887 0.496155 -0.446802 -0.017106 0.183706 0.624255 0.117939 0.278588 0.108417 0.131657 -0.215538 -0.386410 
2.419383 -0.909730 -0.227500 -2.362559 -0.484954 0.010079 -0.236501 -0.191881 -0.359127 1.128539 0.309718 -0.437498 -0.105670 -1.283451 -0.719659 4.709273 1.093283 3.720292 -0.383602 2.261357 -0.109851 0.090289 0.860567 0.271696 0.433439 -0.518769 0.318171 0.365871 -0.451750 -2.894941 1.227547 -0.124470 
0.011041 -0.958620 0.239830 0.094892 0.289239 -0.360172 -0.592011 -0.592356 -0.404019 1.210878 0.860425 -0.404508 -0.494232 -0.621344 -0.757532 1.591755 0.622489 0.591573 -0.383908 0.684457 -0.214377 0.360958 0.567712 0.022676 -0.311304 -0.444749 0.197409 -0.027207 -0.240898 -0.374593 0.479724 -0.415159 
0.007522 -0.022599 -0.490295 -0.872063 -0.428251 0.164541 -0.345393 0.029038 -0.077990 -1.722570 -2.305163 -0.341456 -0.017930 0.580396 0.321100 1.344096 1.628915 -0.311613 -1.761772 2.189067 0.084155 -0.380123 -0.277756 0.989187 0.281823 0.955606 0.246086 -0.121998 -0.344783 -0.421414 -0.067400 -0.194815 
-0.037645 0.218253 -0.388272 -0.319363 0.128498 -0.158834 -0.025132 -0.154164 -0.345637 -2.897990 -3.769178 -0.454131 0.190664 1.354046 -0.459868 1.663925 1.331064 -0.427034 -1.615214 4.077119 0.004624 0.460143 -0.480028 1.118671 -0.048692 0.843656 -0.389035 -0.108692 0.057176 -0.236517 0.175283 0.131611 
5.557687 -7.572569 0.000000 -6.203845 0.000000 -1.912377 -2.533708 -1.122667 0.000000 -4.266222 -11.755120 -1.424997 -4.353204 -0.003327 -6.278086 19.003654 18.910456 9.916608 -7.495840 20.861856 -1.758106 -7.051274 -0.397641 4.237298 -3.481044 1.989184 -6.508847 -0.543834 -7.363000 -2.395134 3.254521 0.000000 
-0.164571 0.007911 2.080053 0.281884 
-0.368465 0.251091 0.378506 2.529580 
0.234672 0.268426 0.348231 0.082934 
242.991959 0.964873 159.024277 5.821510 
0.099261 -0.410672 -0.386044 -0.317927 
-0.327662 -0.244072 -0.072558 2.295346 
-0.158071 0.161458 0.095019 -0.053450 
-0.308252 -0.042466 1.115000 -0.309748 
0.498047 -0.055040 -0.288476 0.435057 
154.937408 -0.090838 -0.429197 0.403512 
63.691711 0.301569 0.304285 0.868786 
-0.194418 1.806782 -0.167165 -0.360195 
0.141621 0.690992 0.325922 0.417386 
4.199405 -0.337184 78.900726 -0.031755 
-0.495300 -0.069689 0.157460 2.187697 
70.684189 -0.354961 198.048080 0.403315 
319.264679 0.879564 440.977356 158.360962 
-0.303644 -0.365618 0.595411 -0.234581 
2.788817 0.338160 -0.310572 -0.435881 
0.955099 -0.305372 325.036255 -0.398129 
0.167287 0.047157 0.391354 0.336360 
0.281701 1.797088 0.054582 0.028336 
75.291496 0.489349 -0.086261 0.467572 
5.430445 0.303878 63.334713 -0.334559 
-0.291436 1.138415 -0.099475 -0.338984 
1.763173 0.439421 92.079330 0.112598 
-0.426298 1.033533 -0.052690 0.315424 
0.415098 0.264532 -0.157949 -0.189047 
0.063158 1.421495 0.292901 0.241050 
189.414536 0.928937 177.173111 112.242065 
0.382168 0.005597 0.450238 0.315363 
-0.146779 -0.056230 0.254509 -0.009293 
28.508640 18.439289 23.988535 17.326935 